This is cutadapt 4.9 with Python 3.12.5
Command line parameters: -a AGATCGGAAGAGCACACGTCTGAACTCCAGTCA -A AGATCGGAAGAGCGTCGTGTAGGGAAAGAGTGT -o ./trimmed_reads/10_2G_both_S8_L008_R1_001.fastq.gz -p ./trimmed_reads/10_2G_both_S8_L008_R2_001.fastq.gz /projects/bgmp/shared/2017_sequencing/demultiplexed/10_2G_both_S8_L008_R1_001.fastq.gz /projects/bgmp/shared/2017_sequencing/demultiplexed/10_2G_both_S8_L008_R2_001.fastq.gz
This is cutadapt 4.9 with Python 3.12.5
Command line parameters: -a AGATCGGAAGAGCACACGTCTGAACTCCAGTCA -A AGATCGGAAGAGCGTCGTGTAGGGAAAGAGTGT -o ./cutadapt_adapter_trim/10_2G_both_S8_L008_R1_001.fastq.gz -p ./cutadapt_adapter_trim/10_2G_both_S8_L008_R2_001.fastq.gz /projects/bgmp/shared/2017_sequencing/demultiplexed/10_2G_both_S8_L008_R1_001.fastq.gz /projects/bgmp/shared/2017_sequencing/demultiplexed/10_2G_both_S8_L008_R2_001.fastq.gz
This is cutadapt 4.9 with Python 3.12.5
Command line parameters: -a AGATCGGAAGAGCACACGTCTGAACTCCAGTCA -A AGATCGGAAGAGCGTCGTGTAGGGAAAGAGTGT -o ./cutadapt_adapter_trim/trimmed_10_2G_both_S8_L008_R1_001.fastq.gz -p ./cutadapt_adapter_trim/trimmed_10_2G_both_S8_L008_R2_001.fastq.gz /projects/bgmp/shared/2017_sequencing/demultiplexed/10_2G_both_S8_L008_R1_001.fastq.gz /projects/bgmp/shared/2017_sequencing/demultiplexed/10_2G_both_S8_L008_R2_001.fastq.gz
This is cutadapt 4.9 with Python 3.12.5
Command line parameters: -a AGATCGGAAGAGCACACGTCTGAACTCCAGTCA -A AGATCGGAAGAGCGTCGTGTAGGGAAAGAGTGT -o trimmed_10_2G_both_S8_L008_R1_001.fastq.gz -p trimmed_10_2G_both_S8_L008_R2_001.fastq.gz /projects/bgmp/shared/2017_sequencing/demultiplexed/10_2G_both_S8_L008_R1_001.fastq.gz /projects/bgmp/shared/2017_sequencing/demultiplexed/10_2G_both_S8_L008_R2_001.fastq.gz
Processing paired-end reads on 1 core ...
Finished in 1200.598 s (14.735 µs/read; 4.07 M reads/minute).

=== Summary ===

Total read pairs processed:         81,477,069
  Read 1 with adapter:               2,131,954 (2.6%)
  Read 2 with adapter:               2,770,901 (3.4%)
Pairs written (passing filters):    81,477,069 (100.0%)

Total basepairs processed: 16,458,367,938 bp
  Read 1: 8,229,183,969 bp
  Read 2: 8,229,183,969 bp
Total written (filtered):  16,434,422,878 bp (99.9%)
  Read 1: 8,218,681,175 bp
  Read 2: 8,215,741,703 bp

=== First read: Adapter 1 ===

Sequence: AGATCGGAAGAGCACACGTCTGAACTCCAGTCA; Type: regular 3'; Length: 33; Trimmed: 2131954 times

Minimum overlap: 3
No. of allowed errors:
1-9 bp: 0; 10-19 bp: 1; 20-29 bp: 2; 30-33 bp: 3

Bases preceding removed adapters:
  A: 24.5%
  C: 31.6%
  G: 27.8%
  T: 15.9%
  none/other: 0.1%

Overview of removed sequences
length	count	expect	max.err	error counts
3	1490599	1273079.2	0	1490599
4	328560	318269.8	0	328560
5	88145	79567.5	0	88145
6	20294	19891.9	0	20294
7	16391	4973.0	0	16391
8	13913	1243.2	0	13913
9	14255	310.8	0	12659 1596
10	13627	77.7	1	11572 2055
11	11616	19.4	1	10595 1021
12	10497	4.9	1	9872 625
13	9310	1.2	1	8884 426
14	8417	0.3	1	8113 304
15	8055	0.1	1	7773 282
16	7315	0.0	1	6994 321
17	6380	0.0	1	6125 255
18	6150	0.0	1	5876 271 3
19	5595	0.0	1	5343 237 15
20	5026	0.0	2	4743 229 54
21	4817	0.0	2	4558 212 47
22	4445	0.0	2	4184 205 56
23	4045	0.0	2	3794 211 40
24	3757	0.0	2	3528 178 51
25	3391	0.0	2	3174 170 47
26	3208	0.0	2	2988 187 33
27	2865	0.0	2	2686 138 39 2
28	2692	0.0	2	2500 151 41
29	2335	0.0	2	2155 139 40 1
30	2304	0.0	3	2111 138 40 15
31	2115	0.0	3	1937 132 24 22
32	1967	0.0	3	1774 128 43 22
33	1808	0.0	3	1646 112 33 17
34	1634	0.0	3	1472 119 27 16
35	1453	0.0	3	1306 93 32 22
36	1459	0.0	3	1339 88 20 12
37	1386	0.0	3	1242 103 28 13
38	1239	0.0	3	1118 77 30 14
39	1254	0.0	3	1138 70 26 20
40	1127	0.0	3	1017 73 17 20
41	962	0.0	3	852 73 18 19
42	973	0.0	3	890 49 22 12
43	933	0.0	3	849 52 23 9
44	770	0.0	3	680 59 25 6
45	770	0.0	3	699 52 10 9
46	778	0.0	3	693 50 23 12
47	664	0.0	3	608 33 13 10
48	680	0.0	3	601 45 17 17
49	648	0.0	3	575 42 15 16
50	587	0.0	3	532 33 11 11
51	537	0.0	3	462 48 15 12
52	517	0.0	3	467 25 17 8
53	502	0.0	3	434 38 18 12
54	494	0.0	3	436 32 15 11
55	437	0.0	3	364 37 21 15
56	397	0.0	3	337 31 15 14
57	365	0.0	3	308 26 18 13
58	361	0.0	3	305 32 14 10
59	364	0.0	3	308 33 12 11
60	345	0.0	3	303 25 9 8
61	324	0.0	3	283 21 13 7
62	259	0.0	3	223 21 12 3
63	276	0.0	3	239 23 9 5
64	215	0.0	3	184 21 5 5
65	230	0.0	3	189 20 12 9
66	210	0.0	3	184 13 7 6
67	200	0.0	3	181 13 2 4
68	174	0.0	3	147 13 8 6
69	185	0.0	3	162 13 5 5
70	160	0.0	3	132 19 4 5
71	156	0.0	3	140 8 5 3
72	135	0.0	3	114 14 1 6
73	153	0.0	3	128 15 7 3
74	94	0.0	3	78 5 4 7
75	79	0.0	3	70 7 2
76	82	0.0	3	61 9 9 3
77	56	0.0	3	43 5 6 2
78	58	0.0	3	47 6 2 3
79	56	0.0	3	45 6 4 1
80	32	0.0	3	28 1 3
81	26	0.0	3	22 3 1
82	29	0.0	3	24 3 1 1
83	30	0.0	3	26 4
84	20	0.0	3	18 2
85	31	0.0	3	29 1 0 1
86	12	0.0	3	12
87	20	0.0	3	19 0 0 1
88	15	0.0	3	15
89	9	0.0	3	8 1
90	12	0.0	3	12
91	10	0.0	3	9 0 0 1
92	8	0.0	3	7 1
93	4	0.0	3	4
94	6	0.0	3	4 0 0 2
95	6	0.0	3	6
96	11	0.0	3	9 0 2
97	7	0.0	3	4 0 1 2
98	12	0.0	3	9 2 1
99	3	0.0	3	1 1 0 1
100	3	0.0	3	2 0 1
101	3016	0.0	3	6 2589 394 27


=== Second read: Adapter 2 ===

Sequence: AGATCGGAAGAGCGTCGTGTAGGGAAAGAGTGT; Type: regular 3'; Length: 33; Trimmed: 2770901 times

Minimum overlap: 3
No. of allowed errors:
1-9 bp: 0; 10-19 bp: 1; 20-29 bp: 2; 30-33 bp: 3

Bases preceding removed adapters:
  A: 30.5%
  C: 29.4%
  G: 29.6%
  T: 10.3%
  none/other: 0.1%

Overview of removed sequences
length	count	expect	max.err	error counts
3	2000545	1273079.2	0	2000545
4	398372	318269.8	0	398372
5	108181	79567.5	0	108181
6	30043	19891.9	0	30043
7	17425	4973.0	0	17425
8	14386	1243.2	0	14386
9	15853	310.8	0	13026 2827
10	15410	77.7	1	12105 3305
11	13359	19.4	1	11141 2218
12	11368	4.9	1	10313 1055
13	9773	1.2	1	9356 417
14	8898	0.3	1	8552 346
15	8525	0.1	1	8041 484
16	7810	0.0	1	7433 377
17	6838	0.0	1	6481 357
18	6535	0.0	1	6173 361 1
19	5934	0.0	1	5676 248 10
20	5445	0.0	2	5027 316 102
21	5218	0.0	2	4837 290 91
22	4921	0.0	2	4532 290 99
23	4473	0.0	2	4102 263 108
24	4191	0.0	2	3815 269 107
25	3763	0.0	2	3411 264 88
26	3602	0.0	2	3302 216 84
27	3200	0.0	2	2902 201 96 1
28	3076	0.0	2	2789 196 86 5
29	2735	0.0	2	2414 208 105 8
30	2768	0.0	3	2405 203 92 68
31	2516	0.0	3	2131 223 87 75
32	2360	0.0	3	2023 195 82 60
33	2217	0.0	3	1890 181 81 65
34	2023	0.0	3	1726 157 85 55
35	1847	0.0	3	1528 181 76 62
36	1825	0.0	3	1549 149 71 56
37	1749	0.0	3	1452 148 90 59
38	1587	0.0	3	1332 165 46 44
39	1650	0.0	3	1356 152 82 60
40	1503	0.0	3	1241 138 64 60
41	1371	0.0	3	1091 143 69 68
42	1299	0.0	3	1053 119 63 64
43	1331	0.0	3	1041 164 72 54
44	1115	0.0	3	897 111 52 55
45	1088	0.0	3	878 109 53 48
46	1147	0.0	3	886 133 62 66
47	989	0.0	3	759 117 65 48
48	1053	0.0	3	809 137 57 50
49	964	0.0	3	761 102 55 46
50	882	0.0	3	700 95 43 44
51	893	0.0	3	669 113 64 47
52	831	0.0	3	646 80 53 52
53	840	0.0	3	635 101 53 51
54	797	0.0	3	600 97 53 47
55	720	0.0	3	543 90 44 43
56	698	0.0	3	523 86 52 37
57	626	0.0	3	473 60 49 44
58	717	0.0	3	527 78 63 49
59	641	0.0	3	472 84 51 34
60	607	0.0	3	448 77 32 50
61	603	0.0	3	461 61 42 39
62	510	0.0	3	365 67 43 35
63	515	0.0	3	368 74 48 25
64	458	0.0	3	296 76 51 35
65	499	0.0	3	350 72 39 38
66	413	0.0	3	304 52 34 23
67	432	0.0	3	295 73 37 27
68	404	0.0	3	258 73 36 37
69	399	0.0	3	275 60 27 37
70	358	0.0	3	239 60 32 27
71	367	0.0	3	257 46 30 34
72	279	0.0	3	188 46 25 20
73	294	0.0	3	212 42 21 19
74	255	0.0	3	160 45 18 32
75	205	0.0	3	139 28 17 21
76	240	0.0	3	157 31 31 21
77	165	0.0	3	102 32 13 18
78	157	0.0	3	92 30 17 18
79	133	0.0	3	79 23 18 13
80	102	0.0	3	61 15 12 14
81	75	0.0	3	34 17 10 14
82	60	0.0	3	31 16 6 7
83	67	0.0	3	35 12 11 9
84	60	0.0	3	27 7 12 14
85	57	0.0	3	36 6 7 8
86	26	0.0	3	13 4 4 5
87	38	0.0	3	20 7 4 7
88	27	0.0	3	14 3 3 7
89	22	0.0	3	10 4 3 5
90	18	0.0	3	11 3 1 3
91	14	0.0	3	8 1 3 2
92	20	0.0	3	7 3 3 7
93	11	0.0	3	4 0 3 4
94	7	0.0	3	2 2 2 1
95	7	0.0	3	6 0 0 1
96	17	0.0	3	8 3 4 2
97	11	0.0	3	1 4 1 5
98	18	0.0	3	9 3 3 3
99	5	0.0	3	0 1 1 3
100	9	0.0	3	0 3 0 6
101	3011	0.0	3	5 2527 416 63
